-0.0901075727
-2.23524002902739E-19
-0.016256775
0.0286636501
0.1055324686
-0.159683456
0.0084540567
-0.0383556906
0.317603489
-0.0669008376
0.2163506635
-0.1300038767
0.0180227153
-0.3322469204
0.7071067812
-0.1700302645
0.0305091361
-0.0143322228
0
-0.0347750366
0
0.0716515845
0
-0.0840322061
0.1882012171
-0.1944892129
-1.83696610401726E-15
-1.17501525234622E-16
0
0
0
0
0.0075625598
0.0571421618
0
-0.1142430048
0.0713925365
0
0.0440005949
-0.0282840184
0
0.0052295579
-2.7948032287317E-17
-1.79070686148332E-15
0
0
0
0
0
0
-0.0712501412
0.0035445074
0.0210111074
-0.0176046053
0
0.0503218
-0.0642313336
-0.0066827374
0
-0.1391862664
0
0

