25,-0.1014700917
123,-0.9159673546
31,-0.0536695658
34,-0.0544835454
35,-0.1423659771
37,-0.0630504854
38,-0.0729141151
39,-0.0734507373
90,-0.088403882
29,-0.0986588654
43,-0.1310172166
44,-0.0708125742
47,-0.0341109036
95,-0.0109777679
99,-0.0111456844
20,2.35775959282588E-21
21,2.24279917459432E-20
122,1.59750116070305E-20
22,-2.23583958580343E-18
23,-0.0901075727
28,-0.0084417216
8,-0.0348771282
40,-0.0912039756
48,-0.1304123608
125,1.77155864545977E-19
58,-7.72906550984469E-05
59,-0.0046022154
61,-0.0046022154
65,-3.99309099458322E-06
98,-3.99309099458307E-06
57,-6.64452813128107E-08
56,-6.64452813129007E-08
50,-0.0346131338
7,-0.119639144
33,-0.0009114938
60,-0.0009114938
30,-0.0531500912
49,-0.0346131338
36,-0.0179947797
62,-0.0001840678
63,-0.0001840678
64,-6.64452813128751E-08
67,-7.72906550984465E-05
68,-6.64452813129762E-08
93,-7.65811491746467E-05
92,-0.0001840678
94,-7.65811491746468E-05
10,-0.0348771282
13,-0.0530099346
12,-0.0083563998
15,6.0887395654982E-20
16,1.32783481500488E-19
17,5.01018132267078E-19
18,4.72773261476877E-19
19,4.55509893081743E-19
26,2.40780703026994E-19
14,1.4742757312071E-19
42,-0.0002651271
41,-0.0264476921
9,-0.0348771282
71,-6.64452813128624E-08
