24,7.63841270754503E-07
25,1.10392267135696E-05
123,7.51612318987481E-06
31,1.80518100600198E-06
34,1.24523985074298E-05
35,0.000006522
37,1.10623249597285E-05
38,1.00808271305541E-05
39,9.43611648795972E-06
90,1.23275286123548E-06
29,1.24532001977151E-06
43,6.86844701106581E-05
44,0.0001046168
47,0.0002311849
95,0.0006512591
99,0.0006667581
20,2.16840434497101E-19
21,1.28749007982654E-19
122,6.09863722023096E-20
22,4.48927462044779E-20
23,7.63841270798125E-07
28,1.07243305739789E-06
8,5.43809183020787E-06
40,7.96568457472137E-06
48,0.000069309
125,4.04338591804175E-19
58,0.0534728492
59,0.0062096279
61,0.0062096279
65,0.2843035403
98,0.2843035403
57,0.4078372602
56,0.4078372602
50,0.0002242061
7,4.59584863090139E-06
33,6.75892709881371E-06
60,6.75892709893102E-06
30,1.46855980746993E-05
49,0.0002242061
36,3.36176933993599E-05
62,0.0004586126
63,0.0004586126
64,0.4078372602
67,0.0534728492
68,0.4078372602
93,0.00593853
92,0.0004586126
94,0.00593853
10,5.43809183017842E-06
13,3.38905339025528E-06
12,1.130182983333E-06
15,4.32552100790315E-19
16,-1.1055155513647E-18
17,-3.17132840332334E-21
18,9.26816451991713E-19
19,2.22514405135502E-19
26,-1.37678904449642E-18
14,1.33807566800654E-18
42,0.0286150399
41,2.18522411997981E-05
9,5.43809183020146E-06
71,0.4078372602
