83	3
47	3
84	3
11	3
134	3
153	3
13	3
43	3
30	3
24	3
4	3
55	3
61	3
51	3
42	3
41	3
154	3
44	3
155	3
21	3
1	3
9	3
50	3
56	3
49	3
76	3
57	3
63	0
16	0
52	0
20	0
152	0
48	0
86	0
14	0
27	0
7	0
12	0
54	0
26	0
6	0
60	0
28	0
8	0
156	0
71	0
46	0
58	0
87	0
64	0
45	0
25	0
5	0
88	0
85	0
68	0
10	0
62	0
72	0
23	0
3	0
78	0
73	0
22	0
2	0
106	0
77	0
66	0
108	0
17	0
151	0
69	0
138	2
105	2
104	2
109	2
157	2
53	2
59	2
65	2
15	2
107	2
148	2
149	2
159	2
136	2
135	2
79	2
101	2
32	2
163	2
144	2
103	2
34	2
165	2
89	2
100	2
31	2
162	2
158	2
80	2
160	2
102	2
164	2
33	2
75	2
74	2
150	2
81	2
137	2
140	2
141	2
161	1
143	1
96	1
82	1
147	1
139	1
40	1
142	1
29	1
110	1
98	1
91	1
90	1
145	1
67	1
70	1
36	1
93	1
99	1
97	1
146	1
37	1
94	1
166	1
39	1
38	1
92	1
95	1
118	1
111	1
119	1
120	1
121	1
122	1
124	1
114	1
113	1
112	1
116	1
130	1
127	1
128	1
129	1
125	1
117	1
133	1
132	1
126	1
19	1
123	1
115	1
131	1
18	1
35	1
