35	0.732161144225
7	0.682274133142
25	0.652643654694
23	0.614770278094
24	0.614770278094
39	0.614706578469
38	0.58558991512
40	0.534851357823
37	0.530482615024
43	0.530111103855
123	0.527029329476
29	0.517964497111
34	0.506090793627
48	0.490162078352
90	0.466751222582
31	0.427726424123
13	0.414483385194
44	0.380995126324
30	0.354503615819
8	0.290572266041
10	0.290572266041
9	0.290572266041
95	0.273829876131
99	0.266740976409
41	0.26642633864
49	0.245404292885
50	0.245404292885
47	0.241761593103
36	0.207961820407
61	0.0962911968006
59	0.0962911968006
28	0.0767876268647
12	0.0723793829146
42	0.0464785381678
62	0.0388689431788
63	0.0388689431788
92	0.0388689431788
60	0.0297053410856
33	0.0297053410856
93	0.01329209555
94	0.01329209555
67	0.0123207784788
58	0.0123207784788
65	0.00126254429549
98	0.00126254429549
16	0.000338602609886
14	0.00033808196174
15	0.00033808196174
22	0.00029935015144
17	0.00029935015144
19	0.00029935015144
18	0.00029935015144
122	0.000294867476267
26	0.000248951303812
20	0.000228430855301
21	0.000210729434382
64	0.0001613225978
68	0.0001613225978
71	0.0001613225978
56	0.0001613225978
57	0.0001613225978
125	6.74536021499e-05
