83	18.139281038
47	17.7520636759
84	17.7358999233
11	16.7719644663
134	15.702541097
153	15.0159117667
13	15.0107875301
43	14.9363387621
30	14.8614634424
24	14.8386065949
4	14.8386065949
55	13.9522404032
61	13.7351157288
51	13.4011529969
154	13.3364822924
42	13.3161585861
41	13.3161585861
44	13.2592450301
155	13.0033142727
21	12.6735862271
1	12.6735862271
9	12.5869152946
50	12.5799162346
56	12.4577895955
76	12.3862023634
49	12.3786206938
57	12.1613179522
63	11.9441932778
16	11.6324134421
52	11.6261782991
20	11.4113655924
152	11.2566630497
48	11.2105802937
86	11.2073313297
14	11.0396966565
27	10.8478347774
7	10.8478347774
12	10.703526307
54	10.6941732948
26	10.6675666952
6	10.6675666952
60	10.5061686022
28	10.452902795
8	10.452902795
156	10.3984393439
71	10.2421512395
46	10.1972093622
58	9.93757868866
87	9.93337990886
64	9.75731060653
45	9.72082900378
25	9.71553383447
5	9.71553383447
88	9.68065130159
85	9.5235863042
68	9.42506593568
10	9.29260834288
62	9.23912181911
72	8.96819981866
23	8.90038395196
3	8.90038395196
78	8.85912031191
73	8.71547121139
22	8.46751402884
2	8.46751402884
106	8.41705964079
77	8.37158291414
66	8.24503813346
108	8.18951131966
151	8.03245649827
17	8.021479328
69	7.84145913216
138	7.7366436808
105	7.54348900487
104	7.4492111736
157	6.98337737761
109	6.95135182668
53	6.90428166427
59	6.84217684137
65	6.67084295945
15	6.62112800518
148	6.54266726628
149	6.54266726628
107	6.53729080978
159	6.46692867591
136	6.34297364513
135	6.34297364513
79	5.98868726899
144	5.74947204581
163	5.71739586225
101	5.71739586225
32	5.71739586225
165	5.54868132757
103	5.54868132757
34	5.54868132757
89	5.46099610878
100	5.27007843446
31	5.27007843446
162	5.27007843446
158	5.10545564383
80	4.94339069151
160	4.78212231955
164	4.55436406166
102	4.55436406166
33	4.55436406166
74	4.366968894
75	4.366968894
150	4.34048411484
81	4.13359796187
137	4.10320110617
140	3.38272867548
141	3.38272867548
161	3.00445479315
143	2.96487456897
96	2.83524279364
82	2.27981099582
147	1.79595086167
139	1.65040024316
40	1.65040024316
142	1.63460672456
29	1.39020146675
110	1.31039038155
98	0.718247137072
91	0.718247137072
90	0.718247137072
145	0.669362314743
67	0.580644060627
70	0.494631735594
36	0.429645376267
93	0.429645376267
99	0.246639483511
97	0.246639483511
146	0.119403546248
118	0.0451780250368
111	0.0425669092595
119	0.0425669092595
120	0.0302625427395
121	0.0302625427395
122	0.0302625427395
124	0.0302625427395
114	0.0302625427395
113	0.0302625427395
112	0.0302625427395
116	0.0302625427395
130	0.029025671566
127	0.029025671566
128	0.029025671566
129	0.029025671566
37	0.0285348828241
94	0.0285348828241
125	0.0238242534933
117	0.0238242534933
133	0.0237371884345
132	0.0237371884345
126	0.0237371884345
19	0.0237371884345
123	0.0232705394077
115	0.0232705394077
131	0.0230110512114
18	0.0182961092411
35	0.00638209485664
166	0.0032262238974
39	0.0032262238974
38	0.0032262238974
92	0.0032262238974
95	0.0032262238974
