869	289.942351295
732	289.942351295
852	289.942351295
717	289.942351295
418	282.34732192
723	282.34732192
1146	280.404834258
715	280.404834258
419	273.714519509
858	273.714519509
721	271.951098787
1147	271.443040135
1159	271.443040135
850	271.443040135
1153	265.284867105
416	265.284867105
1163	265.284867105
856	263.42879427
722	259.700430846
423	257.90992861
435	257.90992861
1834	257.90992861
1179	255.251948702
746	255.251948702
1151	255.099877632
698	254.638230843
830	254.638230843
1297	253.145745926
1305	253.145745926
716	253.145745926
733	252.638418836
1160	252.638418836
691	252.025043106
823	252.025043106
857	251.761116569
399	249.680653322
702	249.680653322
392	247.331506169
695	247.331506169
1781	247.106922231
424	247.106922231
851	245.724604428
1298	245.724604428
1152	243.975966055
1203	242.960284498
400	242.328720308
834	242.328720308
1304	241.613579121
417	241.613579121
1202	240.819859238
680	240.379776871
375	240.379776871
393	240.191471274
827	240.191471274
700	239.659861524
1145	238.426215017
1296	238.426215017
369	238.356804997
673	238.356804997
693	237.515850493
1780	237.339970054
1833	237.339970054
674	237.074979925
1124	237.074979925
1118	235.05100211
668	235.05100211
832	232.418499621
886	232.250428523
1315	232.250428523
1302	232.239272375
678	230.790099818
825	230.482383885
1306	230.412231097
870	230.412231097
1181	229.662999631
701	229.477182119
1824	228.991211788
402	228.991211788
671	228.955679795
1165	227.899477722
694	227.638754563
395	227.23347685
1822	227.23347685
373	226.882391888
1129	226.882391888
367	225.215915032
1122	225.215915032
697	224.780843869
1282	224.780843869
690	223.126870458
1275	223.126870458
1303	223.034346534
833	222.691358368
679	221.444875396
378	221.280928172
1812	221.280928172
826	221.037719253
719	220.060118172
403	219.896471934
1772	219.896471934
672	219.872079785
371	219.768579392
1810	219.768579392
829	218.390915719
1283	218.390915719
396	218.387378087
1770	218.387378087
802	217.620738362
641	217.620738362
1127	217.489699903
675	217.337067751
1261	217.337067751
822	216.901794918
1276	216.901794918
797	216.126583171
636	216.126583171
1120	216.004807125
1287	215.935396234
398	215.935396234
1132	215.93036041
689	215.93036041
669	215.916200223
1255	215.916200223
1280	214.569696182
391	214.569696182
854	213.857336844
718	213.184457395
364	212.917640189
667	212.917640189
379	212.876512728
1761	212.876512728
1645	211.665699573
421	211.665699573
1759	211.579447594
372	211.579447594
639	211.212632068
1105	211.212632068
1771	210.488373233
1823	210.488373233
1100	209.879339732
634	209.879339732
1266	209.389576026
374	209.389576026
1769	209.161730536
1821	209.161730536
1128	208.918214236
1259	208.211694122
368	208.211694122
1149	207.704147432
1121	207.658511365
853	207.317740583
1285	206.895244562
1278	205.698255379
1288	205.576084986
844	205.576084986
420	205.515013118
1685	205.515013118
1123	205.483420807
1260	205.483420807
800	205.204386802
1106	205.204386802
1117	204.344211508
1254	204.344211508
795	204.018933657
1101	204.018933657
1760	203.855159322
1811	203.855159322
665	203.854657213
1758	202.726204969
1809	202.726204969
1643	202.717213164
1148	201.483487888
1161	201.483487888
1264	200.707643588
1257	199.685658059
1286	199.075859395
1279	198.06961572
1134	197.579990403
1808	196.851006013
365	196.851006013
1683	196.801290692
666	196.139742408
699	196.059778567
1239	195.223706399
640	195.223706399
1644	195.143258312
692	195.103790743
1234	194.318690306
635	194.318690306
1265	193.432552378
1250	193.386917888
664	193.386917888
1111	193.361475937
647	193.361475937
864	193.203074381
793	192.585897786
632	192.585897786
1258	192.577357226
1300	192.466461167
430	192.18083455
1343	192.18083455
831	190.656832406
740	190.619955622
878	190.619955622
801	190.032821821
1240	190.032821821
1757	189.826991844
366	189.826991844
824	189.822200905
861	189.729252075
726	189.729252075
401	189.688315736
1634	189.688315736
1684	189.650835856
1235	189.239982764
796	189.239982764
394	188.910240873
1631	188.910240873
1154	188.105412384
363	187.480709361
1253	187.480709361
1307	187.270305451
1299	187.270305451
1201	186.048018781
1206	185.322792317
676	185.27753424
1238	184.840884305
1104	184.840884305
670	184.591021595
1233	184.156295285
1099	184.156295285
902	183.901796056
901	183.262732598
1096	182.091816003
626	182.091816003
1756	181.287691827
1807	181.287691827
1632	181.060479041
1629	180.43678687
741	180.384296795
1675	179.997419989
376	179.997419989
809	179.978386421
1243	179.978386421
727	179.733326359
1671	179.441829986
370	179.441829986
1251	179.247467494
885	178.870164612
443	178.870164612
432	178.35106039
868	178.35106039
1323	178.276136263
1125	175.606291996
879	175.201625911
1119	175.112483729
862	174.663621176
1174	174.592042085
881	174.592042085
1190	174.592042085
1633	174.567249478
1230	174.41633139
631	174.41633139
1193	174.403696415
442	174.403696415
1178	174.403696415
1155	174.131799285
865	174.131799285
1189	174.131799285
1630	174.079985776
1192	173.965427795
1158	173.965427795
431	173.965427795
1344	173.965427795
1164	173.965427795
742	173.492147564
781	173.388106458
615	173.388106458
1252	173.109091668
728	172.994834962
875	172.975168959
737	172.975168959
777	172.935467106
611	172.935467106
1284	172.818920041
859	172.486076836
724	172.486076836
1277	172.380447272
1673	171.904715323
643	171.625131896
1669	171.485214193
638	171.202621247
884	171.030571342
446	170.991395189
463	170.991395189
1848	170.991395189
867	170.639252626
1840	170.61645728
434	170.61645728
1345	170.61645728
462	170.61645728
1226	170.337558771
627	170.337558771
1231	169.925669978
792	169.925669978
1316	169.252993472
1180	169.252993472
1162	168.889451529
1308	168.889451529
614	168.736941752
1085	168.736941752
880	168.583583562
838	168.427592561
706	168.427592561
610	168.372123128
1081	168.372123128
863	168.188088557
642	167.27621235
804	167.156822058
637	166.941113076
799	166.818905323
1177	166.634037294
1157	166.321338856
1674	166.119193112
1670	165.809169942
1681	165.464463757
1641	165.464463757
1262	164.78715676
1256	164.509699062
780	164.388559037
1086	164.388559037
776	164.103993652
1082	164.103993652
803	163.003363513
798	162.745822232
1108	162.653861841
1103	162.398499336
1225	161.80092744
1095	161.80092744
410	161.59444307
843	161.59444307
1847	159.998040174
1793	159.998040174
707	159.811329689
1786	159.774734388
1839	159.774734388
1107	158.689082526
1102	158.507471223
739	158.06714946
725	157.881182384
621	156.318977544
1091	156.318977544
684	156.187236947
773	155.527097951
607	155.527097951
1194	155.47278916
839	155.355294816
1830	154.742568256
412	154.742568256
1131	154.679401369
385	154.679401369
842	154.132472559
708	154.037472548
633	153.842320712
877	153.699945689
860	153.59518857
835	153.49192088
703	153.49192088
1242	153.150838942
1237	153.066532732
438	152.820420461
1844	152.820420461
426	152.739386333
1836	152.739386333
1818	151.930844104
386	151.930844104
685	150.755328318
794	149.935817066
840	149.797099981
1241	149.740898669
1236	149.711723242
1133	149.52650121
1267	149.52650121
1079	148.555163279
605	148.555163279
439	147.886547651
1790	147.886547651
1783	147.886137171
427	147.886137171
806	147.569755201
645	147.569755201
1130	147.527938842
628	147.47282293
433	147.096216011
1647	147.096216011
444	147.085020769
1653	147.085020769
866	146.24253114
882	146.217941858
428	143.245742724
1838	143.245742724
1846	143.173325812
440	143.173325812
1156	142.708106609
1175	142.630783079
1777	142.472028855
1829	142.472028855
613	140.882704261
704	140.839722657
617	140.775272664
807	140.396055197
1109	140.396055197
1782	140.293871923
1835	140.293871923
1097	140.261151372
1646	140.21673409
1843	140.17034217
1789	140.17034217
1652	140.103934424
1766	139.805547761
1817	139.805547761
1191	139.725615461
1785	138.876407527
429	138.876407527
1792	138.738835887
441	138.738835887
768	138.495359444
600	138.495359444
1232	138.289857803
683	138.261196804
612	137.991923443
616	137.843847873
406	137.624403651
1826	137.624403651
779	137.525063237
783	137.368011815
836	137.032090172
1112	136.228163577
1244	136.228163577
381	135.40519167
1814	135.40519167
805	135.232023384
644	135.232023384
1075	134.981798443
599	134.981798443
778	134.753479925
782	134.559311535
1084	134.097198857
1636	133.915130015
411	133.915130015
1088	133.890655763
1227	133.419605677
407	133.365814336
1774	133.365814336
1627	133.243218015
1667	133.243218015
1628	133.026191361
1668	133.026191361
841	132.632477264
767	131.712741708
1076	131.712741708
1784	131.618755587
1837	131.618755587
1083	131.442410096
1845	131.368029809
1791	131.368029809
382	131.346839607
1763	131.346839607
1087	131.202135151
735	130.668699406
872	130.668699406
749	130.414610504
889	130.414610504
408	129.3579835
1828	129.3579835
383	127.531245581
1816	127.531245581
608	127.349289558
1635	127.241850806
1773	126.023977343
1825	126.023977343
409	125.503214056
1776	125.503214056
1517	125.356465695
774	124.309351594
1762	124.24817022
1813	124.24817022
362	123.9119424
1520	123.9119424
384	123.844839452
1765	123.844839452
452	123.697123963
1342	123.543492795
425	123.543492795
1332	123.402340557
714	123.402340557
729	123.402340557
606	123.302760503
415	122.246026132
1339	122.246026132
898	121.176130766
785	121.031675278
619	121.031675278
849	120.731091035
1333	120.731091035
1170	119.741761538
436	119.741761538
1211	119.741761538
808	119.700721461
447	119.377478534
1186	119.377478534
1775	118.476591669
1827	118.476591669
786	118.247115356
1089	118.247115356
848	118.095656908
713	118.095656908
1204	118.091484862
1144	117.978781063
1330	117.978781063
467	117.908649457
1080	117.569536152
696	117.568698027
574	117.568698027
1167	117.242163585
1340	117.057802929
1764	117.041469744
1815	117.041469744
1110	116.867445284
1518	116.849058313
1183	116.835806473
397	116.566102872
579	116.566102872
1171	116.475264377
891	116.408443026
751	116.408443026
763	116.239792063
1337	116.19336967
764	115.844917676
828	114.704070789
575	114.704070789
602	114.68039657
1168	114.050993869
1341	113.808061635
1516	113.755802105
1184	113.611490202
546	113.59051375
748	113.59051375
1295	113.556492806
1331	113.556492806
1519	113.319902895
1338	113.177263151
601	112.707900289
1624	112.346997562
1663	112.346997562
1842	112.293038086
1788	112.293038086
770	112.01745079
1312	112.001454276
1625	111.886149551
1664	111.886149551
1850	111.837368146
1795	111.837368146
784	111.670247506
618	111.670247506
1210	111.612839855
1346	111.334876424
460	111.334876424
1854	111.334876424
1212	110.911209462
547	110.90947492
888	110.90947492
769	110.124977684
577	109.891504211
1078	109.267071197
731	109.115539925
1205	109.056363874
745	108.652148202
1139	108.11262217
390	108.11262217
1324	107.474663468
1077	107.454052122
1281	107.315662982
573	107.315662982
755	107.15295217
535	106.934744094
1060	106.934744094
578	106.724770814
811	106.562998235
649	106.562998235
874	106.047879434
815	105.857178514
655	105.857178514
1858	105.718302783
461	105.718302783
1135	105.521202228
816	105.338631385
656	105.338631385
895	104.194490745
437	103.76765848
1650	103.76765848
448	103.254471924
1656	103.254471924
1313	103.253025508
1172	103.253025508
1222	103.202319835
1604	103.202319835
1136	102.763995233
1321	102.727121771
1187	102.727121771
1166	102.661286233
1058	102.457823036
451	102.378437867
1335	102.362242479
787	102.16255291
1182	102.116389211
1779	102.016900607
1832	102.016900607
1061	101.863895894
1573	101.608874801
904	101.527541195
1768	101.27205011
1820	101.27205011
1648	101.178893335
1334	100.908206199
1654	100.623680456
1090	99.8158008439
464	99.6509072669
709	99.604471628
1169	99.4454148019
1574	99.0920723974
688	98.9694868707
1185	98.8708519951
1310	98.8618467456
1649	98.6017519256
1319	98.3258180287
1787	98.1742685884
1841	98.1742685884
1655	98.0266817553
1849	97.6178654088
1794	97.6178654088
730	97.5461854791
677	97.2544861063
1363	97.2544861063
1853	97.2187259485
1798	97.2187259485
377	97.1886914539
1367	97.1886914539
743	96.995271953
1311	96.5246443894
813	96.1757657902
653	96.1757657902
1320	95.9725787423
1197	95.5639325965
576	95.4494653052
1506	95.3258125164
1504	94.748331111
414	94.6881763894
1640	94.6881763894
1140	93.5976742211
1273	93.5976742211
1572	93.1877164417
1126	93.0642264534
1361	93.0642264534
1507	93.0070505412
1622	92.7369046684
1661	92.7369046684
900	92.3443037692
762	92.3443037692
458	92.1451051968
1852	92.1451051968
1638	92.0028532235
1199	91.9646462027
465	91.9646462027
1365	91.8262024681
1801	91.7142330748
1857	91.7142330748
1173	91.4865987333
536	91.3738992302
1207	90.863174631
1188	90.863174631
789	90.8562594376
623	90.8562594376
1263	90.4666242808
1362	90.4666242808
1289	90.4664491974
422	90.383195054
1413	90.383195054
1407	90.2208163627
720	90.2208163627
1503	90.1613246191
1271	90.1050234128
1686	90.0615910026
1639	89.6777534416
459	89.6714829553
1797	89.6714829553
1366	89.6238156191
1778	89.6124899334
1831	89.6124899334
1690	89.4577577877
1196	89.4188355537
1767	89.2644022245
1819	89.2644022245
1314	88.9526640739
1200	88.8779473923
686	88.856740228
855	88.4854269751
1408	88.4854269751
1290	88.3417699568
1322	88.3341746128
1325	88.3341746128
1687	88.1376352969
1272	88.0371042147
790	87.7377075228
624	87.7377075228
1691	87.5220379853
1309	86.9772887651
1150	86.6645440101
1405	86.6645440101
1318	86.3727238393
1247	86.1103217538
1115	86.1103217538
1688	86.1019135923
609	85.8772681237
1411	85.6469074713
759	85.5427722541
897	85.5427722541
1692	85.4755225196
1113	85.2308176211
1301	84.6565288366
1406	84.6565288366
1412	83.8020883949
1055	83.7367371473
775	83.7048218247
1851	83.6789957475
1796	83.6789957475
1141	83.0634378123
1575	82.5843046564
1114	82.5647914754
1677	82.1518209962
646	82.0111287587
1326	81.8429672365
1208	81.8429672365
903	81.196408556
466	81.1148235626
1658	81.1148235626
1274	81.0664883431
1672	80.6627898927
1364	80.6627898927
1805	80.5462400638
1862	80.5462400638
1678	80.4300624598
681	79.9862538513
1270	79.5949548634
760	79.5721960367
1195	79.5546586393
1679	78.6175902187
1657	78.5907026818
1508	77.9145726223
1063	77.8273932059
1198	77.2093286932
1410	77.000530182
1642	77.000530182
1505	76.9064815794
1116	76.3545565242
1682	76.2441553392
1409	76.2441553392
603	75.9265374771
771	75.9265374771
818	75.8425358506
658	75.8425358506
1248	74.7299939543
1800	74.5150883352
1856	74.5150883352
757	74.3091954742
1092	73.8808753055
1246	73.6167443293
455	73.0535495851
1374	72.7707404245
738	72.7707404245
387	72.6899547815
1530	72.6899547815
413	72.6190284735
1541	72.6190284735
380	72.3748890415
1521	72.3748890415
405	72.2881237631
1531	72.2881237631
620	71.7992212931
1053	71.7697259478
1093	71.6072648777
1804	71.4221871684
1861	71.4221871684
1803	71.153517182
1860	71.153517182
1375	71.0991514995
876	71.0991514995
542	70.9347034447
662	70.9347034447
1526	70.8276052905
817	70.5662854861
657	70.5662854861
143	70.2403411876
1527	69.9307231657
1623	69.8618264771
1538	69.791265939
1529	68.5211138731
1528	68.2269899644
1539	68.0489014849
144	67.9421093811
711	67.5183438793
561	67.5183438793
1376	66.7869510723
682	66.694126023
1369	66.694126023
1855	66.6804610347
1799	66.6804610347
1094	66.5575864165
389	66.382655718
540	66.0594570066
1249	66.0594570066
562	65.881576201
846	65.881576201
1586	65.3669688798
404	65.3669688798
129	64.470390631
1802	63.9026907422
1859	63.9026907422
1220	63.7529561785
1328	63.7529561785
1589	63.5200006737
1329	63.0352784389
1221	63.0352784389
629	62.8176974177
1524	62.7876098673
1522	62.5756447531
1534	62.5063919161
130	62.3859627215
1138	62.3008027962
1533	62.2991202549
148	62.1640714307
1590	61.963635419
456	61.7240228203
125	61.7240228203
1537	61.6284452751
1525	61.3522568179
1370	61.3130955469
1535	61.0441180511
660	60.7693318397
821	60.7693318397
138	60.7379812942
1548	60.3622152876
744	60.3162803831
1377	60.3162803831
1098	60.1025408653
1540	59.571395459
1228	59.3638358982
1576	58.9493991929
1806	58.8847021377
1863	58.8847021377
139	58.8132738484
253	58.2209214084
457	58.2209214084
1213	58.1411775611
1567	58.0497610516
1591	57.4096247642
1269	57.351283439
1532	57.3438283006
1065	57.3437649087
127	56.8265009297
736	56.5907085626
1414	56.5907085626
545	56.4484202155
1581	56.2561074746
1588	56.193137584
687	56.1871354524
1371	56.1871354524
1404	56.1786154106
1336	56.1786154106
1512	56.1092227984
1379	56.0874738486
1557	56.0048976915
123	55.9160979758
750	55.9113386543
1416	55.9113386543
980	55.782541052
1523	55.5751101384
873	55.474305319
1415	55.474305319
1066	55.4571630044
654	55.1022883878
1582	54.889630046
1417	54.7909863447
890	54.7909863447
1445	54.5422077221
124	54.2427877361
1514	54.2387788041
814	53.6951938975
137	53.6195968432
1578	53.3624234211
1560	53.1591239591
1565	53.1523169397
1666	53.0316935632
1446	52.8986122257
1579	52.8568344506
251	52.6383961689
1399	52.6371587081
1059	52.6371587081
1373	52.2880338892
1401	51.9242567347
1062	51.9242567347
705	51.7302740134
449	51.6486512571
117	51.6486512571
1570	51.6438603307
1577	51.6281641092
650	51.4917368416
355	51.4917368416
1378	51.3887767903
1689	51.3887767903
252	51.089175337
1499	50.882500434
837	50.5505946302
1509	50.4545022092
1693	50.4442104853
1571	50.3793357326
812	50.2635940475
356	50.2635940475
1327	49.563106838
1471	49.4422192513
548	49.4207958839
1513	49.2426612785
450	49.0206600195
118	49.0206600195
1450	48.9085963381
1558	48.4855667218
1372	47.9989165168
1676	47.9989165168
1472	47.9592784568
537	47.7490126382
1515	47.5789821807
1619	47.0361584009
1400	47.0361584009
1455	46.8562310047
1595	46.6567813558
712	46.6567813558
1580	46.4920788616
1620	46.3276329903
1402	46.3276329903
847	45.6119292545
1596	45.6119292545
1456	45.5348604184
1510	45.4809737513
630	45.0636812469
507	45.0636812469
1494	44.9124939362
871	44.8454762151
734	44.8454762151
1511	44.725868794
1476	44.4128400394
747	44.3094292174
887	44.3094292174
791	44.2174451981
508	44.2174451981
1545	43.9750421702
454	43.7020961828
1542	43.7020961828
388	43.6404708154
529	43.6404708154
604	43.6026578407
544	43.2900398465
663	43.2900398465
1229	43.2337418836
506	43.2337418836
1451	43.1903812974
205	42.8738347671
772	42.4540916707
1452	41.9364519088
50	41.8598614167
756	41.6423889212
1380	41.6423889212
845	41.6295637602
710	41.6295637602
1543	41.3586895422
486	41.1720577281
1291	41.1720577281
360	41.1132728145
1659	41.1132728145
1218	40.7860935706
472	40.7860935706
528	40.6605516446
1137	40.6605516446
206	40.5220203334
1544	40.4561106157
1498	40.206648549
1435	39.6555003016
538	39.4175824997
810	39.4039322042
648	39.4039322042
509	39.2398908272
44	39.135815805
1292	39.0851399421
819	39.0674302443
532	38.935986768
1587	38.7828403589
1546	38.7421634688
1562	38.4461558457
1381	38.3917296831
906	37.8618104233
1593	37.8325744091
753	37.6365865038
1348	37.6365865038
1368	37.1876364821
1443	37.18506686
46	37.1278632152
176	36.9007434736
453	36.7799590094
1444	36.7799590094
893	36.6194029938
1349	36.6194029938
1436	36.5516071454
445	36.5096898653
1389	36.5096898653
1550	36.4947517457
622	36.004790975
788	36.004790975
1457	35.6449147894
1493	35.4163701967
992	35.2963496393
1386	35.065947283
883	35.065947283
178	35.0354275862
979	34.9971776561
1564	34.5611013676
1385	34.4275135537
1176	34.4275135537
899	34.3205517086
761	34.3205517086
1352	34.2738628504
1388	34.2154974349
1569	33.7630821251
754	33.5762984686
1353	33.5762984686
1563	33.4799903243
1433	33.2425775124
989	33.1568578353
1050	32.9772997392
1478	32.8089989421
1354	32.693516714
894	32.693516714
1453	32.6927544015
1501	32.6707751476
896	32.5514624873
758	32.5514624873
661	32.5428326326
994	32.4356754834
1387	31.7366533351
1651	31.7366533351
1051	31.6041610214
1462	31.5771224382
1502	31.4418118275
1069	31.4235060957
516	31.4235060957
1357	30.6888566397
1495	30.6707855055
358	30.6707855055
905	30.5500067601
766	30.5500067601
153	30.4853574411
1477	30.0835897466
625	29.7743621566
1459	29.5331070135
556	29.53292942
580	29.53292942
136	29.1458679107
539	29.0854129537
1054	28.9968440754
497	28.9968440754
1583	28.4624252467
1536	28.3207915785
505	28.1675647695
247	28.1176862242
250	28.0010238177
122	28.0010238177
559	27.9334298559
150	27.9275754705
140	27.9213644416
503	27.8809815907
1865	27.7322414236
359	27.7322414236
820	27.6068811804
659	27.6068811804
204	27.6010093794
255	27.4552966219
64	27.4474179276
526	27.1793167647
1214	27.1503830147
583	27.0081429885
248	26.9553222868
1064	26.8510448799
345	26.8476233802
560	26.8476233802
1602	26.8476233802
163	26.8115715774
1497	26.7512466259
752	26.7378483704
1662	26.6923707723
1665	26.5275617205
1592	26.1359611995
1746	26.0717992936
498	26.0583157958
892	26.0566321078
142	25.9963941585
258	25.6973929977
985	25.558536901
1747	25.5308687617
477	25.3180951184
1224	25.3180951184
79	24.844709254
254	24.8403152163
344	24.6967573373
534	24.6967573373
259	24.6857778134
982	24.659879257
527	24.6221303665
1751	24.5547382889
484	24.5187884175
1067	24.3651371019
203	24.2425314339
1745	23.8233384806
990	23.787067203
492	23.576190021
471	23.4080329092
482	23.4030009517
141	23.2070114377
970	22.9019854811
550	22.7646909992
953	22.1093908702
651	22.0908343133
1382	22.0381035117
1072	22.0381035117
524	21.8989222008
557	21.7781440324
960	21.6631706258
1403	21.5834323799
993	21.5022281548
1555	21.4942451907
1549	21.344414869
581	21.2677372308
202	20.9257975025
1040	20.8182247587
1216	20.7763121647
1598	20.7763121647
922	20.5228543322
1217	20.5228543322
1556	20.4422526495
558	20.2922504197
520	20.2619386021
1074	20.2619386021
1559	20.2236995852
134	20.1434292999
1358	20.0888991875
1426	20.0535892061
515	20.0109308238
1454	19.9722704187
582	19.8466791103
652	19.8442517252
1566	19.7278821
1005	19.5717429955
1594	19.5639303168
1439	19.477111182
1383	19.4432912656
1073	19.4432912656
120	19.2818557285
208	19.2138424969
211	19.1698460832
1268	19.1235869104
89	18.9476395035
174	18.8993037215
146	18.6725885324
501	18.652653761
1427	18.5706269482
998	18.4014799021
485	18.3028543935
1359	18.2805717308
552	18.2577346992
549	18.1969007288
52	18.1693843966
478	18.0470036189
133	18.0222134301
1637	18.0064394336
65	17.8183135147
1245	17.5306969922
179	17.4392727213
1458	17.2838336798
1601	17.2659730412
1006	17.2659730412
257	17.2525972549
225	17.242413155
496	17.2054667292
1603	17.134297103
335	17.134297103
114	16.9761787118
1421	16.9614896395
999	16.9364913587
1004	16.9125239096
207	16.8718687973
147	16.8164745861
983	16.7828397956
121	16.6282000021
119	16.5755627938
1753	16.4695239704
155	16.3653899409
1448	16.3280722382
87	16.2281864521
175	16.2144173201
43	16.2144173201
1748	16.1572726549
487	16.0689219634
88	15.9554949492
489	15.9378850577
564	15.9378850577
1219	15.6141460462
256	15.4408663711
1752	15.256402934
984	15.2243829725
483	15.1664133188
357	15.1619080805
97	15.1366374794
1395	15.1183061092
765	15.1183061092
249	15.1084045828
177	15.0781075782
45	15.0781075782
303	15.0251617493
1626	15.0202409524
1474	14.9609685449
1020	14.9141181576
1068	14.9141181576
1449	14.896334817
98	14.8763247771
1694	14.7785011932
354	14.7785011932
1500	14.7340818883
1496	14.6908603656
17	14.608204894
128	14.6040181543
502	14.483399397
1434	14.4768958187
1437	14.3224546045
1424	14.0788938886
27	14.0092076858
1621	13.9557948042
361	13.9557948042
555	13.9491779606
1490	13.9293564886
1430	13.8412193372
1475	13.7034141496
1056	13.6657947926
349	13.6449603145
48	13.6233550921
531	13.5600713966
1486	13.5213363152
1223	13.4971001563
352	13.4929082121
261	13.4134213302
145	13.3976774312
932	13.3151492516
1057	13.2824611749
1491	13.2367371389
62	13.2277868895
230	13.1318331747
126	13.1209960355
1396	13.0933794074
1390	12.9923447962
1317	12.9923447962
521	12.9396073141
510	12.8346597018
551	12.8346597018
96	12.7851153261
593	12.7443702958
476	12.6564535927
75	12.5630140717
307	12.5481522223
589	12.5176840602
213	12.4821971463
13	12.4810108624
541	12.3648463082
936	12.3648463082
1000	12.293783086
1351	12.293783086
1356	12.293783086
1680	12.2432615081
543	12.1734389771
988	12.1465596031
95	12.1317881033
1447	12.119133211
260	11.9543954816
111	11.9230664459
1398	11.7247462341
907	11.7247462341
1070	11.5936417547
563	11.5912201178
1442	11.5540391922
511	11.3883839805
47	11.3839114551
519	11.3549043231
195	11.3279431341
991	11.306582489
1071	11.2582218642
325	11.2399602629
1473	11.2059334795
323	11.1675139307
210	11.1208086662
67	11.0465805335
963	11.0422033117
80	10.9637941548
490	10.9317222687
1011	10.9317222687
19	10.8671713138
1483	10.6857555027
85	10.6335407818
350	10.6085593541
1488	10.6040509146
353	10.5507870304
595	10.5409759644
81	10.5010002573
1749	10.3342951916
1350	10.3342951916
6	10.31518067
929	10.225347017
995	10.211120477
246	10.2002161069
311	10.1722722899
132	10.1060066035
1554	10.1005614583
1468	10.0172385676
102	9.96527664582
474	9.90537349841
281	9.86198907767
910	9.83694503236
1209	9.83694503236
348	9.81026499182
23	9.81026499182
1750	9.75620008898
1355	9.75620008898
1431	9.73664050362
1438	9.72495910324
61	9.69462026193
224	9.63238909251
1552	9.6215287289
209	9.46358561439
22	9.45024882827
1482	9.41579744355
73	9.34193937631
66	9.25052441605
1007	9.20661478871
1547	9.1905656412
923	9.12517279819
131	9.08423321285
320	9.02152907627
504	8.99306738695
493	8.95814858522
1010	8.92847737983
533	8.84943093083
14	8.80570638882
1465	8.79933684294
1487	8.73934234424
279	8.66140206647
1008	8.64802882568
1467	8.59997898834
981	8.49211650473
235	8.48461724862
69	8.45750841877
1561	8.40893291281
965	8.39022746262
1568	8.33409593943
101	8.295733489
491	8.29113215349
1391	8.22355664843
1584	8.21846296327
1585	8.18406464784
78	8.13531192265
228	8.13322183944
152	8.10650268393
135	8.05253016967
109	8.02392026956
1293	8.00484659211
293	7.99984921939
1481	7.99905265422
170	7.95016634563
237	7.90152247021
499	7.87848849619
20	7.86964405533
304	7.82299056897
321	7.81702740739
110	7.81179182167
972	7.75486055231
116	7.6709737278
115	7.65560210146
86	7.65112818653
1009	7.6257641348
488	7.6257641348
996	7.59652963682
948	7.52646368161
8	7.51768662293
201	7.43663583745
525	7.34452503355
49	7.30228327357
108	7.2766498777
997	7.27338452318
1397	7.26044483766
16	7.20457070401
301	7.1678142511
217	7.16605957154
1027	7.14165480779
494	7.14165480779
300	7.11618294327
105	7.08084171373
1492	7.03575230194
149	7.0264021486
934	6.98693761293
1489	6.98481679044
71	6.96593349995
584	6.94493923334
310	6.91686442545
5	6.90798989603
262	6.8648411533
570	6.82642728943
107	6.80982573259
91	6.66640361162
1553	6.66092960307
1484	6.64506619955
1432	6.53274103554
1025	6.50779824802
976	6.45421506435
1470	6.42258500006
1016	6.39398073966
190	6.34989919026
42	6.33835436583
9	6.31727970735
1393	6.30539702862
1732	6.3030908982
1715	6.3030908982
84	6.29158029507
220	6.24549956216
517	6.22388318311
166	6.20639521269
196	6.204789591
1142	6.1722495611
908	6.1722495611
106	6.10895076926
35	6.07772960103
322	6.05805740078
592	6.01026164306
302	5.9735380799
587	5.93206723772
530	5.91154798696
1731	5.9031886766
1714	5.9031886766
931	5.88233888102
157	5.86503274043
291	5.85826390629
266	5.8152415603
113	5.80235321881
921	5.78876581884
924	5.78876581884
1597	5.78876581884
469	5.78876581884
39	5.78417803389
318	5.77362396455
940	5.66572348501
309	5.60532297557
912	5.59833654453
1215	5.59833654453
314	5.59338223026
346	5.54630645265
1610	5.54630645265
226	5.43426221819
331	5.42522125956
280	5.38790905379
1730	5.26206084473
1713	5.26206084473
63	5.25380646346
554	5.25008808536
347	5.24994269301
495	5.24994269301
920	5.19041052355
1018	5.17666486257
470	5.15108500109
337	5.15108500109
197	5.13118771655
1717	5.11806023953
1734	5.11806023953
233	5.09310337491
34	5.08664426699
305	5.08642692883
473	5.08084459662
468	5.08084459662
156	5.05488622408
927	5.02925007659
475	5.02925007659
930	5.02285769094
94	4.99654419695
54	4.98880795558
77	4.94764691069
1347	4.93064027915
1460	4.90253716577
58	4.89666697083
264	4.89145853222
336	4.86112409852
1479	4.82530647429
926	4.79567864951
339	4.79567864951
928	4.71235098744
925	4.71235098744
1599	4.71235098744
104	4.70585308526
180	4.6949833853
194	4.66598574529
1615	4.66467641157
1143	4.65535956659
909	4.65535956659
184	4.64503379061
100	4.62638460199
242	4.60902198748
68	4.56721699177
1464	4.55560741475
212	4.55338703027
553	4.50528161472
943	4.50528161472
236	4.45854621306
306	4.44359528994
199	4.43653814246
154	4.35657637159
90	4.35069688367
36	4.33836652019
1716	4.31841978142
1733	4.31841978142
167	4.27317173988
338	4.21311534242
292	4.2072119407
319	4.20443132635
29	4.14901516283
53	4.13099530157
244	4.10712279603
240	4.10248722283
215	4.10143232453
186	4.09923220308
12	4.09808118855
919	4.06176723968
1613	3.99668125915
299	3.92479233539
234	3.92302406118
70	3.89416858598
1384	3.83507911033
83	3.83031934138
1616	3.8061884464
274	3.79981292033
911	3.79668961055
1294	3.79668961055
268	3.78107808874
1463	3.76736316737
596	3.75599462809
74	3.73730890734
32	3.73224987523
151	3.72159362622
1728	3.69990096692
1360	3.69990096692
55	3.65617508979
18	3.58896955816
168	3.58782542463
37	3.5683165237
969	3.52612277835
231	3.52525075464
82	3.52525075464
223	3.52216825829
76	3.50829978391
11	3.50829978391
112	3.50829978391
1014	3.48717112891
1608	3.47666655239
200	3.47458179395
103	3.44972228319
1031	3.44328092258
1394	3.4404950613
933	3.4404950613
31	3.43609714882
218	3.41082247044
954	3.39141443794
188	3.37613522177
341	3.36707243414
245	3.36335191405
92	3.33643684237
1419	3.33100736932
298	3.32031268512
159	3.2823708742
198	3.28144867161
214	3.28013109457
959	3.27815166884
33	3.27151387061
1614	3.25705980507
185	3.23984841923
1418	3.23629241055
1660	3.23629241055
481	3.23426883218
324	3.22962578371
1703	3.2254242126
232	3.22418006425
1392	3.19877290666
915	3.1631731718
342	3.15970046126
1704	3.15970046126
181	3.15228100957
269	3.12571527261
227	3.05596240175
1723	3.05484496091
1739	3.05484496091
287	3.0188412703
56	3.00523002476
30	2.97743183443
1485	2.95941380131
238	2.94206977711
967	2.94039421095
38	2.92475962605
479	2.9218096907
1609	2.90559424876
343	2.89636698036
1718	2.89636698036
1702	2.89240874101
286	2.85631347083
330	2.85160634946
500	2.85160634946
590	2.84996445915
987	2.84996445915
961	2.83077972206
28	2.7992861453
1041	2.795471986
51	2.7836507273
1021	2.78134306387
513	2.78134306387
340	2.78044747525
40	2.76920781196
917	2.74127872855
351	2.74127872855
1706	2.73249815591
216	2.72621612816
165	2.69278512218
957	2.68949008395
1606	2.6824220685
1600	2.68240486654
935	2.68240486654
480	2.68240486654
949	2.68240486654
1727	2.6760724323
1743	2.6760724323
187	2.66154125706
1461	2.65316297263
1551	2.62855683144
161	2.62563844997
1720	2.58380660605
1736	2.58380660605
951	2.5811521249
276	2.57007681323
93	2.55301394852
263	2.543457264
26	2.5318261323
944	2.50187541369
271	2.49960358139
57	2.46841588323
169	2.46007896514
241	2.45845642863
1705	2.44488901891
1725	2.44323188866
1741	2.44323188866
1700	2.43923190447
59	2.41324510578
72	2.3870050089
171	2.35982385176
566	2.35652506042
221	2.35000424791
955	2.34089763756
1719	2.33151288916
1735	2.33151288916
164	2.32859073201
964	2.31854886238
192	2.2891251548
939	2.28796469547
518	2.26894539549
1024	2.26894539549
160	2.25343726813
952	2.24310645241
950	2.24310645241
278	2.24097914217
275	2.22806173508
1697	2.22402256701
1710	2.21219480849
243	2.20489722117
1032	2.17699264133
1001	2.16523824727
1047	2.16354390456
328	2.15142173219
270	2.15104421892
1699	2.14848703203
1026	2.14382737345
514	2.14250586252
332	2.14250586252
913	2.11580752887
986	2.11580752887
10	2.10750816885
1423	2.10270425275
512	2.10088909685
968	2.0963038618
1722	2.09533372771
1738	2.09533372771
99	2.09419352065
947	2.08663178354
41	2.06487140427
1726	2.01721269271
1742	2.01721269271
942	1.99652819095
937	1.9910230829
183	1.98731701829
938	1.9821629862
15	1.98166829532
1707	1.97643979773
1480	1.96784004296
239	1.94568533431
1696	1.93822730696
1708	1.9302617305
172	1.91112469985
289	1.89691333442
958	1.89663609133
1617	1.89101744376
219	1.87988946807
1042	1.87558695128
1611	1.87299101752
1003	1.84971180919
522	1.8415369156
1724	1.82238640641
1740	1.82238640641
1428	1.81666791327
60	1.80909830221
191	1.79870175323
1695	1.79541421148
189	1.79218894572
1701	1.78988277011
162	1.76384903918
966	1.74876608666
941	1.74160138685
1023	1.73923736509
334	1.73923736509
182	1.72295784467
229	1.71864109489
1022	1.71777326253
272	1.69224324792
1729	1.68373951106
1744	1.68373951106
277	1.67980469655
1029	1.65286953651
1045	1.64742696113
288	1.64724014717
523	1.62876437231
1037	1.62876437231
956	1.61670682778
1711	1.59975125749
1698	1.59779985419
1737	1.53667692897
1721	1.53667692897
971	1.53402248234
1017	1.52787191943
1755	1.4983412292
222	1.49640214838
962	1.46601520453
1028	1.45913928625
1044	1.45668454124
1048	1.44881796246
173	1.44619881879
1002	1.41906590441
193	1.41259779548
1038	1.37922934443
1039	1.37922934443
1709	1.37061240105
946	1.35967556498
290	1.33091626173
1036	1.30819053062
1612	1.29601559373
333	1.29601559373
1618	1.289267326
1012	1.21515455017
567	1.21515455017
1607	1.20550461634
1043	1.19620100665
1035	1.18795721527
158	1.14281039849
267	1.10218854098
1052	1.09184691269
1015	1.07154653846
329	1.07154653846
1019	1.04544556294
569	1.04544556294
1013	1.04104925242
1046	1.03863932595
1049	1.00588606303
1034	1.00415440813
21	0.996058325882
1440	0.883154406186
1030	0.87653130906
265	0.830921330108
326	0.826751931236
568	0.826751931236
565	0.814254798978
1441	0.809200410152
572	0.783541264809
1605	0.726733721132
327	0.726733721132
1466	0.724469696702
7	0.686113086011
1429	0.673318123981
308	0.584624659268
571	0.560629260347
1033	0.560629260347
273	0.554759840535
1425	0.543091715914
1469	0.510197841338
1754	0.491238371109
977	0.477943405339
588	0.477943405339
24	0.440228062141
974	0.424191325548
586	0.424191325548
285	0.410332799442
282	0.402093866092
317	0.379772258489
312	0.371154128777
1864	0.367003388626
585	0.367003388626
25	0.36120746062
978	0.358742146338
594	0.358742146338
283	0.357373571114
284	0.354632665118
315	0.338936358564
914	0.281905289127
591	0.281905289127
1422	0.261744642076
313	0.24013285527
296	0.236171755585
1712	0.224844470923
916	0.222035060681
975	0.222035060681
294	0.221671604311
1420	0.206115427356
973	0.185012933748
597	0.185012933748
945	0.17554123822
295	0.138943004586
918	0.132640761987
598	0.132640761987
316	0.0773197037333
297	0.0769059594282
1	0.0335216697189
4	0.0298974710005
2	0.0032563978813
3	0.00222248171904
